p_x: 0.173771116259
p_y: 0.434060278413
y_x: 0
y_y: 0
y_z: -0.279406366094
y_w: 0.960172944102
